1	1.02924911719635	1.04620505992011	0.358024691358025	1.11111111111111	0.0296768726247318	0.0472725137012168	0.347850374973627	1.06203951182951
1	1.05856486108335	1.09227696404794	1.18518518518519	2.39506172839506	0.0602797825602061	0.0965344830948882	1.11961508336131	2.19272383033609
1	1.08414951029382	1.13268974700399	3.38271604938272	2.93827160493827	0.0876900803351688	0.141493031483987	3.12015641501876	2.59406568542719
1	1.11159970684256	1.17589880159787	3.91358024691358	5.23456790123457	0.117826954126234	0.191368995799653	3.52067405453884	4.45154625051202
1	1.13725098274369	1.21631158455393	7.48148148148148	6.06172839506173	0.146669898875741	0.239706935360044	6.57856673241289	4.98369700004528
1	1.16290225864481	1.25672436750999	9.30864197530864	9.74074074074074	0.176170831580604	0.289678067946688	8.00466411180288	7.75089669029063
1	1.18795389433007	1.29613848202397	14.4074074074074	13.3209876543210	0.205617227526988	0.339987482291698	12.1279179909017	10.2774416770034
1	1.20807515490706	1.32789613848202	19.8024691358025	18.1728395061728	0.229722789951853	0.381654077297735	16.3917526615519	13.6854374220464
1	1.22819641548404	1.35965379494008	28.0987654320988	25.0617283950617	0.254233217503926	0.424329221047480	22.8780715184100	18.4324336741664
1	1.24465320807516	1.38561917443409	37.0493827160494	33.0493827160494	0.274580804185887	0.459970248279701	29.7668318176321	23.8517071110447
1	1.25378106469452	1.40000000000000	44.1728395061728	39.6543209876543	0.285983479093258	0.480000000000000	35.2317009325193	28.3245149911817
1	1.26111000066627	1.41158455392810	49.5555555555556	45.5308641975309	0.295199216890236	0.496285476444191	39.2951887855734	32.2551448093064
1	1.26843893663802	1.42303595206391	57.5802469135803	50.4814814814815	0.304468667989692	0.512515660433226	45.3945753716738	35.4744947998434
1	1.27576787260977	1.43462050599201	65.8888888888889	59.0123456790124	0.313791832391626	0.529067998106386	51.6464556785739	41.1344640847766
1	1.28129788793391	1.44327563249001	73.7407407407408	66.0000000000000	0.320862138811945	0.541522275669724	57.5515978252706	45.7293108220316
1	1.28676127656739	1.45193075898802	83.2345679012346	73.9753086419753	0.327877291436673	0.554051464447758	64.6853223025749	50.9496118764889
1	1.29229129189153	1.46058588548602	94.0864197530864	83.5308641975309	0.335008391549342	0.566655564440489	72.8058916309587	57.1899708381308
1	1.29775468052502	1.46924101198402	106.037037037037	94.1728395061728	0.342083605412296	0.579334575647916	81.7080752073564	64.0962501986005
1	1.30148577520155	1.47496671105193	114.901234567901	102.432098765432	0.346932611525984	0.587763399355675	88.2846641563238	69.4470580236883
1	1.30508361649677	1.48075898801598	124.296296296296	111.518518518519	0.351621623024142	0.596323590295053	95.2401016495360	75.3117282562901
1	1.30874808448264	1.48655126498003	135.345679012346	121.617283950617	0.356410774318495	0.604917331706859	103.416142966772	81.8116985371852
1	1.31241255246852	1.49227696404794	147.753086419753	132.172839506173	0.361213353938466	0.613445268714063	112.581281047521	88.5712523147460
1	1.31601039376374	1.49806924101198	160.345679012346	144.012345679012	0.365941678247099	0.622105725433111	121.842258824235	96.1319688946609
1	1.31787594110201	1.50093209054594	167.839506172840	150.246913580247	0.368398498067748	0.626398570215301	127.356074223870	100.102406049295
1	1.32154040908788	1.50672436750999	182.802469135802	164.012345679012	0.373234526426081	0.635109159824185	138.325296660411	108.853582789040
1	1.32340595642614	1.50958721704394	191.012345679012	171.728395061728	0.375701662752099	0.639426782931236	144.333902043815	113.758511679772
1	1.32520487707376	1.51251664447403	199.592592592593	179.617283950617	0.378083983110034	0.643853299905496	150.612630579297	118.753922217549
1	1.32886934505963	1.51824234354194	218.679012345679	196.777777777778	0.382946868119606	0.652529906861867	164.560205379609	129.608938003079
1	1.33066826570724	1.52117177097204	230.074074074074	206.518518518519	0.385339016680160	0.656981778401102	172.901150499588	135.762786596120
1	1.33253381304551	1.52356857523302	239.111111111111	213.851851851852	0.387823181454798	0.660630601718791	179.440933333333	140.362472243262
2	1	1	0	0	0	0	0	0
2	1.02771670331135	1.04094540612517	0.814814814814815	1.01234567901235	0.0281008111325711	0.0417836692665438	0.792839906356924	0.972525238168560
2	1.05583316676661	1.08189081225033	1.82716049382716	1.93827160493827	0.0573918380222006	0.0852438648158425	1.73053902012064	1.79155935422602
2	1.08388300353121	1.12283621837550	2.82716049382716	3.22222222222222	0.0874011826719234	0.130380586647896	2.60836315784681	2.86971703396251
2	1.11199946698647	1.16384820239680	4.38271604938272	4.49382716049383	0.118271407289102	0.177271319111136	3.94129330049043	3.86117979238129
2	1.13805050303151	1.20193075898802	6.20987654320988	6.33333333333333	0.147579473725142	0.222318774700754	5.45659136098806	5.26929965472036
2	1.16410153907655	1.23988015978695	9.12345679012346	8.72839506172839	0.177566196640201	0.268651405316657	7.83733762379596	7.03970863057297
2	1.18955293490572	1.27703062583222	13.7901234567901	12.3086419753086	0.207518092471410	0.315403609656720	11.5926942401122	9.63848613050080
2	1.21160636951163	1.30925432756325	19.2592592592593	16.2469135802469	0.233994997320572	0.357073447121548	15.8956404851373	12.4092876671909
2	1.23172763008861	1.33854860186418	26.4691358024691	22.0246913580247	0.258576477361856	0.395856179776277	21.4894390252209	16.4541588757787
2	1.24971683656473	1.36491344873502	35.8641975308642	29.3827160493827	0.280896085796675	0.431494361268863	28.6978589721566	21.5271642876800
2	1.25977746685322	1.37949400798935	42.6296296296296	34.3333333333333	0.293519632995560	0.451501859039257	33.8390158192887	24.8883526383526
2	1.26584049570258	1.38828229027963	48.0123456790123	39.1851851851852	0.301176080280275	0.463663858752024	37.9292223957206	28.2256609189278
2	1.27383569858085	1.40006657789614	56.3209876543210	45.6172839506173	0.311328693489483	0.480093211270902	44.2136986089076	32.5822247818856
2	1.28189752814978	1.41171770972037	65.6296296296297	52.5925925925926	0.321630636338254	0.496473445969067	51.1972510972511	37.2543265770959
2	1.28989273102805	1.42336884154461	76.2098765432099	59.5679012345679	0.331911628779501	0.512989429540018	59.0823366238139	41.8499404342210
2	1.29389033246719	1.42929427430093	82.6913580246914	64.7160493827161	0.337076096226023	0.521441061274714	63.9090933363848	45.2783240976521
2	1.29995336131654	1.43808255659121	93.6419753086420	73.2345679012346	0.344939370799090	0.534040719785958	72.0348730156018	50.9251486053955
2	1.30395096275568	1.44387483355526	102.135802469136	79.6666666666667	0.350144056635732	0.542387267487114	78.3279474354534	55.1756044327631
2	1.31001399160504	1.45266311584554	116	90.7777777777778	0.358068329100481	0.555115064069035	88.5486725663717	62.4905917879932
2	1.31401159304417	1.45852197070573	126.580246913580	99.0370370370370	0.363313233327243	0.563643169515657	96.3311492711655	67.9023278539415
2	1.31601039376374	1.46145139813582	132.518518518519	103.358024691358	0.365941678247099	0.567920094556570	100.697167094190	70.7228614124276
2	1.32000799520288	1.46731025299601	144.839506172840	113.160493827161	0.371210553699761	0.576499689273601	109.726234007074	77.1210407588344
2	1.32407222333267	1.47316910785619	158.888888888889	123.543209876543	0.376583626300556	0.585113610170904	120.000167731763	83.8622051044280
2	1.32600439736158	1.47609853528629	166.197530864198	129.506172839506	0.379143830911127	0.589433442937158	125.337088772020	87.7354524400966
2	1.33000199880072	1.48195739014647	182.716049382716	141.716049382716	0.384452658406955	0.598098853104870	137.380281794669	95.6276140764812
2	1.33206742621094	1.48488681757656	191.481481481481	148.864197530864	0.387201813986119	0.602444430506329	143.747589434080	100.252891849239
2	1.33406622693051	1.48781624500666	201.061728395062	155.753086419753	0.389866348918301	0.606798589452855	150.713453602431	104.685700900554
2	1.33806382836964	1.49367509986684	221.777777777778	172.000000000000	0.395207404395615	0.615532651981114	165.745290378264	115.152217517272
2	1.34006262908921	1.49660452729694	233.728395061728	180.716049382716	0.397883924940747	0.619912555562845	174.416023541067	120.750703399991
2	1.34206142980878	1.49906790945406	243.592592592593	187.234567901235	0.400564440690195	0.623602298577485	181.506291129535	124.900657749003
3	1	1	0	0	0	0	0	0
3	1.02738356985809	1.03628495339547	1.37037037037037	1.28395061728395	0.0277584998071714	0.0369432523169286	1.33384493442859	1.23899378551911
3	1.05703244719835	1.07529960053262	1.92592592592593	1.74074074074074	0.0586587972150638	0.0781346154528095	1.82201211611864	1.61884254386267
3	1.08868012525818	1.11684420772304	3.37037037037037	2.46913580246914	0.0926122075660815	0.123670492162248	3.09583163334693	2.21081488841052
3	1.11633020187887	1.15326231691079	4.20987654320988	3.75308641975309	0.123096559813462	0.165006985803217	3.77117499475005	3.25432155782770
3	1.14204810447065	1.18695073235686	6.20987654320988	6.32098765432099	0.152136936462503	0.204426020521240	5.43749122204288	5.32540018891077
3	1.16976480778200	1.22336884154461	9.39506172839506	7.70370370370370	0.184174852762627	0.248315661231097	8.03158178968397	6.29712270093223
3	1.19481644346725	1.25632490013316	13.3209876543210	10.2716049382716	0.213793166789868	0.289176127347292	11.1489825296216	8.17591447656807
3	1.21860217203012	1.28748335552597	19.1728395061728	14.3950617283951	0.242495626838257	0.328806695378200	15.7334690075532	11.1807750108850
3	1.23839029915384	1.31344873501997	26.2839506172840	19.3580246913580	0.266805266519170	0.362573789762784	21.2242865881969	14.7383176634326
3	1.25817842627757	1.33941411451398	36.3333333333333	25.3209876543210	0.291506476175147	0.397015085079636	28.8777271764457	18.9045250307139
3	1.26610700246519	1.34980026631158	41.4444444444444	29.2592592592593	0.301513470845691	0.410980379467412	32.7337613359294	21.6767324688801
3	1.27596775268172	1.36278295605859	49.4691358024691	34.0370370370370	0.314046852941825	0.428588692661892	38.7698950059662	24.9761246908152
3	1.28396295556000	1.37316910785619	57.0370370370370	38.0864197530864	0.324280435625182	0.442796699385285	44.4226500383420	27.7361466517022
3	1.29182490505697	1.38348868175766	65.9012345679013	43.7777777777778	0.334405792662720	0.457020466275769	51.0140610464506	31.6430328307133
3	1.29782130721567	1.39134487350200	74.0246913580247	49.2716049382716	0.342170072731496	0.467920278510145	57.0376606906203	35.4129345474610
3	1.30568325671264	1.40173102529960	87.0740740740741	56.7037037037037	0.352404383429862	0.482424933643735	66.6885124140316	40.4526279865883
3	1.30968085815178	1.40692410119840	94.1851851851852	61.2098765432099	0.357631975104586	0.489717713266466	71.9146077450498	43.5061681657681
3	1.31554400692918	1.41464713715047	106.419753086420	68.9259259259259	0.365328017083636	0.500613261324005	80.8941035236300	48.7230519299420
3	1.31954160836831	1.41990679094541	115.283950617284	74.3333333333333	0.370595028107616	0.508067647486441	87.3666657316241	52.3508541598287
3	1.32547138383636	1.42769640479361	130.876543209877	82.9629629629630	0.378437194684544	0.519158512130298	98.7396218476444	58.1096672124465
3	1.32940235858485	1.43288948069241	141.925925925926	90.8518518518519	0.383655315505480	0.526586131939482	106.759195219878	63.4046470966832
3	1.33140115930442	1.43548601864181	148.222222222222	94.5308641975309	0.386314523498573	0.530310054858059	111.327995462810	65.8528630511996
3	1.33539876074355	1.44061251664447	162.000000000000	102.604938271605	0.391644925097710	0.537682211556363	121.312079030085	71.2231339698450
3	1.33932973549204	1.44587217043941	176.703703703704	111.962962962963	0.396902070186586	0.545273166625591	131.934428857272	77.4362805039234
3	1.34132853621161	1.44846870838881	184.913580246914	116.827160493827	0.399581121027786	0.549030799590781	137.858529998307	80.6556329572203
3	1.34525951096009	1.45366178428762	202.333333333333	127.197530864197	0.404861575914291	0.556566291549129	150.404685255807	87.5014616460679
3	1.34725831167966	1.45625832223702	211.839506172840	133.246913580247	0.407552479194962	0.560344150542286	157.237483217850	91.4995035877707
3	1.34925711239923	1.45885486018642	221.777777777778	139.308641975309	0.410247377679950	0.564128751544767	164.370286241009	95.4917763083760
3	1.35318808714771	1.46404793608522	244.604938271605	152.617283950617	0.415558999599241	0.571718179577696	180.761965461276	104.243365390554
3	1.35512026117663	1.46617842876165	254.555555555556	157.567901234568	0.418175461125705	0.574839592482992	187.847206516217	107.468435044193
4	1	1	0	0	0	0	0	0
4	1.02944899726831	1.03302263648469	1.37037037037037	0.925925925925926	0.0298826189883600	0.0335678837448870	1.33116878447278	0.896326850180937
4	1.05703244719835	1.06391478029294	2.19753086419753	1.92592592592593	0.0586587972150638	0.0659573298628903	2.07896254275076	1.81022574514439
4	1.08848024518622	1.09920106524634	3.28395061728395	2.75308641975309	0.0923946220803286	0.104121490919342	3.01700525278906	2.50462495606853
4	1.11593044173496	1.13009320905459	4.38271604938272	3.95061728395062	0.122650375395390	0.138555330575655	3.92740970715775	3.49583313331791
4	1.14737823972283	1.16537949400799	6.29629629629630	5.03703703703704	0.158238412494733	0.179054682527159	5.48755072940660	4.32222899316135
4	1.17296288893331	1.19414114513981	8.76543209876543	6.88888888888889	0.187920969407384	0.212986537257913	7.47289806136725	5.76890673010209
4	1.19988007195683	1.22423435419441	12.7901234567901	9.25925925925926	0.219856093539559	0.249374876994899	10.6595015249577	7.56330618197053
4	1.22146711972816	1.24846870838881	17.3456790123457	11.8395061728395	0.245990962288507	0.279337057913018	14.2006925378441	9.48322220115451
4	1.24505296821907	1.27496671105193	24.9135802469136	15.4197530864198	0.275078446835556	0.312770057145289	20.0100565059092	12.0942397575992
4	1.26277566793257	1.29480692410120	33.1358024691358	19.5432098765432	0.297301193761279	0.338262485350203	26.2404505492143	15.0935321033360
4	1.27450196548737	1.30798934753662	40.5308641975309	23.3086419753086	0.312177630015590	0.355418066634634	31.8013351843139	17.8202078015441
4	1.28236391498434	1.31677762982690	46.1851851851852	26.0617283950617	0.322228605226985	0.366951663206271	36.0156618924739	19.7920497772185
4	1.29222466520088	1.32782956058589	55.2222222222222	30.0987654320988	0.334922292676763	0.381565670982853	42.7342270344590	22.6676422377719
4	1.30008661469785	1.33661784287617	63.8888888888889	33.7777777777778	0.345112602858255	0.393273628947466	49.1420249748031	25.2710810032986
4	1.30594976347525	1.34327563249001	71.4691358024692	37.6296296296296	0.352752392360529	0.402194712420723	54.7257925238130	28.0133345081799
4	1.31381171297222	1.35206391478029	82.6913580246914	42.9506172839506	0.363050608571495	0.414038414825506	62.9400371516098	31.7667063031780
4	1.31967486174962	1.35872170439414	92.0000000000000	46.6296296296296	0.370770870366935	0.423062334995860	69.7141414651386	34.3187493648097
4	1.32567126390832	1.36524633821571	103.135802469136	51.9506172839506	0.378702149976144	0.431948782005706	77.7989274392752	38.0521930949448
4	1.33153441268572	1.37190412782956	116.012345679012	57.1728395061728	0.386491946083155	0.441060467977894	87.1268099222565	41.6740779085080
4	1.33553201412486	1.37629826897470	125.765432098765	62.0370370370370	0.391822880376201	0.447098462591378	94.1687887438448	45.0752852310515
4	1.33939636218269	1.38069241011984	136.444444444444	66.2592592592593	0.396991307514112	0.453155765681266	101.870102306455	47.9898772337773
4	1.34339396362183	1.38508655126498	148.222222222222	70.9506172839506	0.402353670747781	0.459232377247558	110.334143397973	51.2246813884320
4	1.34725831167966	1.38948069241012	161	76.7283950617284	0.407552479194963	0.465328297290253	119.501953414767	55.2209148934912
4	1.35125591311880	1.39400798934754	174.962962962963	82.6913580246914	0.412946271369255	0.471629137182381	129.481737148617	59.3191421115132
4	1.35512026117663	1.39840213049268	190.567901234568	89.1111111111111	0.418175461125705	0.477764259283228	140.628036266760	63.7235235616496
4	1.35711906189620	1.40053262316911	198.876543209877	92.5925925925926	0.420886074081005	0.480745814280471	146.543180177576	66.1124139922391
4	1.36098340995403	1.40492676431425	216.950617283951	100.765432098765	0.426137921085046	0.486909606543251	159.407246037833	71.7229073132147
4	1.36298221067360	1.40719041278296	227.074074074074	104.444444444444	0.428860253306342	0.490092428914133	166.600908137937	74.2219698881319
4	1.36498101139316	1.40945406125166	237.395061728395	109.679012345679	0.431586580731953	0.493280375389405	173.918215526016	77.8166634592394
4	1.36884535945100	1.41344873501997	258.382716049383	117.111111111111	0.436868809045264	0.498918663264781	188.759609889763	82.8548699429529
5	1	1	0	0	0	0	0	0
5	1.03271370511027	1.02736351531292	1.09876543209877	0.259259259259259	0.0332487983612880	0.0277378962980562	1.06395937873357	0.252353967602493
5	1.05963088813379	1.04993342210386	1.82716049382716	1.37037037037037	0.0614088095435984	0.0511800954253626	1.72433676130859	1.30519739777825
5	1.09427676727297	1.07889480692410	3.09876543209877	1.65432098765432	0.0987208216966905	0.0820070022038967	2.83179313019790	1.53334780836581
5	1.12505829835432	1.10466045272969	4.92592592592593	2.19753086419753	0.132878087347960	0.110137357912486	4.37837393238317	1.98932699977380
5	1.15004330734892	1.12563249001332	5.83950617283951	3.85185185185185	0.161299804389026	0.133524251286789	5.07764023800175	3.42194444992103
5	1.18082483843028	1.15139813581891	8.58024691358025	4.58024691358025	0.197173649526943	0.162858833583628	7.26631642080494	3.97798708465221
5	1.21480445066294	1.17989347536618	13.6790123456790	5.22222222222222	0.237874926675238	0.196074306605839	11.2602586681455	4.42601161143087
5	1.23212739023253	1.19440745672437	17.3456790123457	7.70370370370370	0.259068952880609	0.213304586339386	14.0778292487047	6.44981213097155
5	1.25911119994670	1.21691078561917	25.3703703703704	9.81481481481482	0.292680506915608	0.240435930078138	20.1494279230018	8.06535280219491
5	1.27636751282564	1.23142476697736	33.4074074074074	12.5679012345679	0.314557013898353	0.258203478362627	26.1738151995499	10.2059838096459
5	1.28602838297022	1.23948069241012	38.6049382716049	15.0493827160494	0.326934500902497	0.268156193428735	30.0187295885669	12.1416838585734
5	1.29562262642415	1.24753661784288	45.5432098765432	16.6049382716049	0.339318995051100	0.278173806429421	35.1516012052369	13.3101810673234
5	1.30521686987807	1.25559254327563	53.7654320987654	18.3456790123457	0.351795538707158	0.288256317364686	41.1927192634186	14.6111723190748
5	1.31294556599374	1.26205059920107	61.3333333333333	20.4567901234568	0.361913029631308	0.296385857471884	46.7143002131331	16.2091679496899
5	1.32253980944766	1.27010652463382	72.7407407407407	24.2222222222222	0.374555773786933	0.306585291958702	55.0007948502659	19.0710162907049
5	1.32826970484376	1.27496671105193	80.7654320987654	25.9629629629630	0.382150204402865	0.312770057145289	60.8049945009215	20.3636398800890
5	1.33599840095942	1.28142476697736	93.0987654320988	29.2716049382716	0.392445863683069	0.321024716711495	69.6847880695378	22.8430148164825
5	1.34179492304617	1.28621837549933	103.679012345679	32.0246913580247	0.400206807756242	0.327178854736073	77.2688959877003	24.8983313938367
5	1.34559264441335	1.28941411451398	111.432098765432	35.0493827160494	0.405309782349659	0.331294379353937	82.8126545043756	27.1824096863253
5	1.35138916650010	1.29427430093209	124.864197530864	37.2592592592593	0.413126339666918	0.337572983026626	92.3969206103999	28.7877610120408
5	1.35718568858685	1.29906790945406	139.901234567901	40.5679012345679	0.420976496652478	0.343788716686673	103.081866943035	31.2284684575241
5	1.36105003664468	1.30233022636485	150.679012345679	44.7777777777778	0.426228601125242	0.348032009251757	110.707915424726	34.3828138756823
5	1.36484775801186	1.30552596537949	163.358024691358	47.1604938271605	0.431404701275000	0.352199023140030	119.689557851725	36.1237501802208
5	1.36871210606969	1.30878828229028	176.234567901235	51.1111111111111	0.436686414650865	0.356463383930170	128.759413407469	39.0522377092730
5	1.37257645412752	1.31198402130493	191.382716049383	53.3086419753086	0.441983061212643	0.360651036079723	139.433191844337	40.6320817248115
5	1.37637417549470	1.31524633821571	207.185185185185	58.5432098765432	0.447202935484362	0.364936465094920	150.529695248545	44.5112129762429
5	1.37837297621427	1.31684420772304	215.296296296296	60.1111111111111	0.449956030778894	0.367039333706855	156.195964380854	45.6478532225537
5	1.38217069758145	1.32003994673768	234.469135802469	64.6913580246914	0.455197918626398	0.371252730491613	169.638334984780	49.0071214773221
5	1.38410287161037	1.32163781624501	244.320987654321	67.5432098765432	0.457870379600032	0.373363258664435	176.519384986218	51.1056879928305
5	1.38790059297755	1.32463382157124	265.592592592593	71.2962962962963	0.463134027993713	0.377327380625212	191.362835304221	53.8234001995562
6	1	1	0	0	0	0	0	0
6	1.02705043640482	1.04687083888149	0.728395061728395	0.901234567901235	0.0274162994596696	0.0479692766502187	0.709210605350729	0.860884203121123
6	1.05263508561530	1.09094540612517	2.01234567901235	2.01234567901235	0.0540203117341623	0.0950809395728022	1.91172202647612	1.84458880134050
6	1.07968552202012	1.13781624500666	2.28395061728395	4.02469135802469	0.0828604132299310	0.147312903700525	2.11538505490989	3.53720679915336
6	1.10527017123060	1.18202396804261	4.09876543209877	4.58024691358025	0.110811075706054	0.198590330513598	3.70838328834591	3.87491881502621
6	1.13072156705976	1.22609853528629	5.83950617283951	7.06172839506173	0.139265631107044	0.251658809115587	5.16440682034931	5.75951132134161
6	1.15470717569458	1.26750998668442	8.58024691358025	10.5555555555556	0.166674330800281	0.303290783172370	7.43066908579574	8.32778886671102
6	1.17802651742288	1.30798934753662	12.1481481481481	14.8518518518519	0.193873237875739	0.355418066634634	10.3122875151607	11.3547192718525
6	1.19721500433073	1.34101198402130	17.9753086419753	20.0864197530864	0.216661883297321	0.399156570644378	15.0142694310984	14.9785535046846
6	1.21480445066294	1.37137150466045	24.5432098765432	27.7160493827160	0.237874926675238	0.440329901897337	20.2034243973585	20.2104603227690
6	1.23072822972883	1.39893475366178	33.7654320987654	38.7283950617284	0.257345987725729	0.478509222501378	27.4353275427875	27.6842039704531
6	1.23865680591645	1.41278295605859	39.7037037037037	44.9629629629630	0.267135341421571	0.497977840464822	32.0538372808826	31.8258107306175
6	1.24665200879472	1.42649800266312	46.1851851851852	51.6543209876543	0.277070615515959	0.517448275800929	37.0473755782398	36.2105806606258
6	1.25304817109734	1.43754993342210	53.0246913580247	59.0987654320988	0.285064859545196	0.533274905540948	42.3165625880041	41.1107566131032
6	1.25944433339996	1.44860186418109	61.2345679012346	68.8271604938272	0.293100014466635	0.549223680454467	48.6203052229609	47.5128206001142
6	1.26584049570258	1.45965379494008	71.2716049382716	79.1975308641975	0.301176080280275	0.565294600541488	56.3037801209810	54.2577501176905
6	1.27063761742954	1.46790945406125	79.4938271604938	89.1111111111111	0.307259977413512	0.577379082661201	62.5621546773558	60.7061361070795
6	1.27543473915651	1.47616511318242	88.9753086419753	100.493827160494	0.313366886923613	0.589531720688439	69.7607693364367	68.0776332288750
6	1.27863282030782	1.48162450066578	96.4567901234568	107.925925925926	0.317450944584159	0.597605580486560	75.4374427055892	72.8429678892517
6	1.28342994203478	1.48994673768309	108.333333333333	121.962962962963	0.323596208055698	0.609970640566240	84.4092301303016	81.8572636714645
6	1.28649476980478	1.49547270306258	116.728395061728	132.061728395062	0.327534396367532	0.618219302802655	90.7336724574800	88.3076823298828
6	1.28969285095609	1.50093209054594	126.851851851852	141.888888888889	0.331653824903628	0.626398570215301	98.3581879653068	94.5338498541124
6	1.29289093210740	1.50652463382157	136.629629629630	154.370370370370	0.335783481162774	0.634808236155610	105.677614589596	102.467870026647
6	1.29608901325871	1.51198402130493	148.580246913580	167.123456790123	0.339923365144970	0.643047840340709	114.637378601035	110.532554865154
6	1.29928709441002	1.51757656458056	160.358024691358	181.160493827161	0.344073476850217	0.651519314682066	123.420008850448	119.374862564006
6	1.30088613498568	1.52023968042610	167.740740740741	188.320987654321	0.346152368098984	0.655564342971023	128.943445724854	123.875853313826
6	1.30408421613698	1.52583222370173	181.259259259259	204.839506172840	0.350317821388807	0.664081987443285	138.993522823390	134.247725923556
6	1.30568325671264	1.52849533954727	189.382716049383	213.469135802469	0.352404383429862	0.668149001508863	145.044914282042	139.659657624928
6	1.30728229728829	1.53129161118509	197.765432098765	222.740740740741	0.354493502401680	0.672426999242909	151.279821128911	145.459388083736
6	1.31048037843960	1.53675099866844	215.382716049383	243.111111111111	0.358679411137602	0.680801815954227	164.354018261487	158.198114933233
6	1.31207941901526	1.53914780292943	223.049382716049	250.740740740741	0.360776200901708	0.684487979631242	169.996861076788	162.908812437318
7	1	1	0	0	0	0	0	0
7	1.02338596841895	1.04826897470040	0.543209876543210	1.28395061728395	0.0236594201783946	0.0494339216597134	0.530796682098765	1.22482935989869
7	1.04703844360051	1.09647137150466	1.45679012345679	2.39506172839506	0.0481447511886854	0.101124734264656	1.39134349112077	2.18433585284436
7	1.06942501165967	1.14207723035952	2.19753086419753	4.13580246913580	0.0718349277816436	0.152170200052837	2.05487139372879	3.62129841940187
7	1.09307748684123	1.19034620505992	3.38271604938272	5.14814814814815	0.0974091961195680	0.208462043950277	3.09467177771457	4.32491667236340
7	1.11539742820974	1.23595206391478	4.83950617283951	7.62962962962963	0.122055711428452	0.263788752147603	4.33881776167183	6.17307891817696
7	1.13645146245586	1.27882822902796	7.03703703703704	10.4691358024691	0.145760963259031	0.317700819679398	6.19211402291663	8.18650665103532
7	1.15563994936372	1.31817576564581	10.2222222222222	14.5925925925926	0.167751846282685	0.368793674567953	8.84550783126742	11.0702934865771
7	1.17276300886135	1.35306258322237	14.0493827160494	20.0123456790123	0.187686537476763	0.415389177058197	11.9797287345293	14.7904065393281
7	1.18855353454594	1.38521970705726	19.5308641975309	27.7283950617284	0.206329752240822	0.459416818409896	16.4324648657851	20.0173264359877
7	1.20301152641748	1.41471371504660	26.7407407407407	38.3703703703704	0.223618366346661	0.500707447770483	22.2281666912814	27.1223569562315
7	1.20960756879206	1.42809587217044	30.5802469135803	42.8641975308642	0.231575235239517	0.519728910055124	25.2811305935514	30.0149299260410
7	1.21613698447598	1.44154460719041	35.5061728395062	50.1111111111111	0.239494582505166	0.539025427259881	29.1958663314605	34.7620953671203
7	1.22266640015990	1.45492676431425	41.5185185185185	59.1111111111111	0.247456563039989	0.558405944758963	33.9573562445885	40.6282381773161
7	1.22799653541209	1.46564580559254	47.4567901234568	67.5555555555556	0.253987745492043	0.574058813725507	38.6457035951909	46.0926884911622
7	1.23319341728296	1.47636484687084	54.1234567901235	77.7407407407407	0.260383002215017	0.589826580537978	43.8888628755180	52.6568624994781
7	1.23719101872210	1.48442077230360	59.9629629629630	86.3703703703704	0.265320808403314	0.601752514623201	48.4670209010238	58.1845605921673
7	1.24112199347058	1.49247669773635	66.4320987654321	96.1851851851852	0.270191901338199	0.613743346643003	53.5258412266680	64.4466914164019
7	1.24505296821907	1.50053262316911	73.7407407407408	106.839506172840	0.275078446835556	0.625799076597382	59.2269908373617	71.2010552274403
7	1.24898394296755	1.50858854860186	81.8641975308642	119.222222222222	0.279980444895388	0.637919704486340	65.5446356951211	79.0289852940455
7	1.25164901059364	1.51391478029294	87.7037037037037	128.123456790123	0.283312622860024	0.645968980994714	70.0705253321031	84.6305607541077
7	1.25557998534213	1.52197070572570	98.0123456790124	142.814814814815	0.288240549795869	0.658197414543591	78.0614113184556	93.8354557532161
7	1.25824505296822	1.52736351531292	105.037037037037	154.283950617284	0.291590306659498	0.666419653954514	83.4789986173624	101.013248693239
7	1.26077686721301	1.53268974700399	113.259259259259	166.024691358025	0.294779154449720	0.674568930285585	89.8329135032618	108.322438825313
7	1.26344193483910	1.53801597869507	121.481481481482	179.160493827160	0.298142761354980	0.682746575360682	96.1512184546515	116.488057542269
7	1.26477446865214	1.54074567243675	126.308641975309	186.037037037037	0.299827228277154	0.686948613566288	99.8665336041410	120.744805820426
7	1.26743953627823	1.54607190412783	136.345679012346	200.629629629630	0.303201489060591	0.695169166366726	107.575687131173	129.767334296660
7	1.26997135052302	1.55146471371505	146.938271604938	217.160493827161	0.306413615574631	0.703521378951456	115.702036541552	139.971274826587
7	1.27130388433607	1.55412782956059	152.592592592593	225.777777777778	0.308106783163984	0.707656655307349	120.028416866109	145.276195100125
7	1.27263641814911	1.55679094540613	158.888888888889	235.049382716049	0.309801726399699	0.711799023849248	124.850182363925	150.983266834669
7	1.27530148577520	1.56178428761651	170.296296296296	252.395061728395	0.313196939810218	0.719585080522907	133.534147176799	161.606864488042
8	1	1	0	0	0	0	0	0
8	1.01798920647611	1.04940079893475	0.271604938271605	0.370370370370370	0.0181510122509344	0.0506210184024496	0.266805322240887	0.352935094719132
8	1.03584515957092	1.09886817576565	1.18518518518519	1.46913580246914	0.0364875973032567	0.103755633855259	1.14417215182636	1.33695363544904
8	1.05370111266573	1.14826897470040	1.82716049382716	3.77777777777778	0.0551430174165027	0.159260819129753	1.73404058500486	3.28997635659664
8	1.07069091878206	1.19507323568575	3.01234567901235	4.50617283950617	0.0731895217811903	0.214100019326207	2.81345963262578	3.77062484954778
8	1.08768072489839	1.24187749667111	4.09876543209877	5.87654320987654	0.0915246796577484	0.271129858369046	3.76835346832284	4.73198300607654
8	1.10367113065494	1.28608521970706	5.20987654320988	9.08641975308642	0.109044982320577	0.327007596174475	4.72049725548065	7.06517703014744
8	1.11939502964888	1.32936085219707	7.56790123456790	14.3209876543210	0.126522616201305	0.383600137677061	6.76070648352060	10.7728369092954
8	1.13258711439803	1.36584553928096	10.4074074074074	19.0000000000000	0.141376785850226	0.432767018586847	9.18905687262650	13.9107969778211
8	1.14484642547805	1.39966711051931	13.9506172839506	26.0740740740741	0.155336668964930	0.479534010134734	12.1855796318928	18.6287681393042
8	1.15617296288893	1.43082556591212	18.5185185185185	34.9753086419753	0.168367960057687	0.523630900033865	16.0170831812623	24.4441457262328
8	1.16083683123459	1.44374167776298	21.3580246913580	40.8395061728395	0.173771074375385	0.542195016054936	18.3988172296730	28.2872668995181
8	1.16643347324938	1.45932090545939	24.9135802469136	48.7407407407407	0.180283523758310	0.564808752555403	21.3587665462915	33.3996042668884
8	1.17123059497635	1.47237017310253	28.6543209876543	57.8271604938272	0.185890553304324	0.583936963320987	24.4651404348202	39.2748790692871
8	1.17496168965288	1.48275632490013	32.2098765432099	65.2716049382716	0.190267486075969	0.599283159515675	27.4135546944733	44.0204528836981
8	1.17962555799853	1.49580559254328	37.5061728395062	75.5432098765432	0.195758228541677	0.618717185341870	31.7949815390087	50.5033610337686
8	1.18255713238723	1.50352862849534	40.6172839506173	84.0740740740741	0.199220685679959	0.630299168352538	34.3469950315406	55.9178405257314
8	1.18628822706376	1.51391478029294	45.7160493827160	94.6296296296297	0.203639878835042	0.645968980994714	38.5370505579997	62.5065762362917
8	1.18908654807116	1.52177097203728	50.1111111111111	105.271604938272	0.206963409401891	0.657893445667650	42.1425262882651	69.1770357515352
8	1.19188486907855	1.52962716378162	55.4938271604938	115.370370370370	0.210294770569200	0.669879630089308	46.5597211611522	75.4238504009995
8	1.19468319008595	1.53735019973369	60.6913580246914	128.962962962963	0.213633962336969	0.681722818310606	50.8012153584626	83.8865230481012
8	1.19654873742421	1.54254327563249	64.7160493827161	136.654320987654	0.215864440515738	0.689719878599506	54.0855941413879	88.5902672206210
8	1.19948031181291	1.55039946737683	71.3703703703704	152.543209876543	0.219376509213401	0.701869254221180	59.5010769809970	98.3896170543943
8	1.20134585915118	1.55559254327563	76.1975308641976	163.456790123457	0.221615936649839	0.709934080347375	63.4268060973180	105.076866580540
8	1.20321140648944	1.56078561917443	81.6790123456790	174.024691358025	0.223858844353148	0.718025874510861	67.8841738909295	111.498138642560
8	1.20507695382770	1.56597869507324	87.0617283950617	187.876543209877	0.226105232323328	0.726144636711637	72.2457832410837	119.973882020847
8	1.20694250116597	1.57117177097204	92.8148148148148	201.827160493827	0.228355100560380	0.734290366949704	76.9007759070138	128.456457926916
8	1.20787527483510	1.57370173102530	96.4567901234568	208.629629629630	0.229481339778983	0.738268569116012	79.8565813317317	132.572536152517
8	1.20974082217336	1.57902796271638	103.395061728395	223.851851851852	0.231736428416342	0.746664653520118	85.4687713543802	141.765603356867
8	1.21080684922380	1.58155792276964	107.234567901235	233.037037037037	0.233026613063632	0.750662731537710	88.5645534380471	147.346507947645
8	1.21267239656206	1.58635153129161	114.172839506173	248.814814814815	0.235287170691788	0.758255590415620	94.1497801301109	156.847211924225
9	1	1	0	0	0	0	0	0
9	1.00852821640349	1.04813581890812	0.740740740740741	0.543209876543210	0.00856458164100360	0.0492943474391002	0.734476962263182	0.518262868937243
9	1.01785595309481	1.10126498002663	1.09876543209877	1.83950617283951	0.0180153706252717	0.106392278116528	1.07949010737516	1.67035745819777
9	1.02638416949830	1.14940079893475	1.74074074074074	2.85185185185185	0.0267322316983585	0.160561098295925	1.69599336434779	2.48116397212783
9	1.03584515957092	1.20259653794940	2.01234567901235	4.40740740740741	0.0364875973032567	0.223119216543942	1.94270896612184	3.66490944246577
9	1.04424012259311	1.25066577896138	2.82716049382716	6.41975308641975	0.0452187168166376	0.282082445332544	2.70738543047610	5.13306847793584
9	1.05236857885269	1.29627163781625	3.74074074074074	9.54320987654321	0.0537398128782135	0.340160079503405	3.55459181878935	7.36204480460601
9	1.06076354187488	1.34347536617843	4.65432098765432	14.4197530864198	0.0626096458854649	0.402463029764132	4.38770829116913	10.7331726724825
9	1.06742621094010	1.38155792276964	6.39506172839506	19.1851851851852	0.0696993579009724	0.454351146983782	5.99110426824053	13.8866310771279
9	1.07368911986142	1.41697736351531	8.39506172839506	26.4320987654321	0.0764041630543916	0.503912424357404	7.81889428988405	18.6538609903111
9	1.07955226863882	1.44986684420772	10.8641975308642	34.5061728395062	0.0827165503616081	0.551056932966431	10.0636141912449	23.7995461289150
9	1.08221733626491	1.46504660452730	12.5925925925926	41.9382716049383	0.0855971814561561	0.573180776718481	11.6359183785152	28.6258959103010
9	1.08494903058165	1.48022636484687	14.5185185185185	49.0987654320988	0.0885571994800321	0.595535045593891	13.3817516853626	33.1697682179698
9	1.08714771137318	1.49287616511318	16.7901234567901	56.3580246913580	0.0909450731719672	0.614339622181521	15.4441970314986	37.7513058406189
9	1.08994603238057	1.50805592543276	18.9876543209877	65.1604938271605	0.0939911767510751	0.637116337116424	17.4207288772971	43.2082741284690
9	1.09167832633753	1.51824234354194	21.0864197530864	72.7777777777778	0.0958807840975563	0.652529906861867	19.3155980515150	47.9355473698571
9	1.09341062029449	1.52836218375499	23.6419753086420	82.0493827160494	0.0977733922863907	0.667945482366166	21.6222294441172	53.6845150895218
9	1.09527616763275	1.53848202396804	26.2839506172840	92.1481481481481	0.0998149416921459	0.683463469036402	23.9975554969776	59.8954987530373
9	1.09660870144580	1.54607190412783	28.5679012345679	101.049382716049	0.101275322043321	0.695169166366726	26.0511349188669	65.3587859958256
9	1.09847424878406	1.55625832223702	31.6790123456790	113.901234567901	0.103322837620856	0.710969982765988	28.8391033114755	73.1891569287648
9	1.09980678259711	1.56384820239680	34.6913580246914	125.098765432099	0.104787479523302	0.722810600069858	31.5431388255039	79.9941869296319
9	1.10113931641015	1.57137150466045	37.6049382716049	137.395061728395	0.106253897072111	0.734604202829428	34.1509359544091	87.4363963715149
9	1.10207209007929	1.57649800266312	39.7901234567901	146.123456790123	0.107281445865863	0.742672976200397	36.1048281822721	92.6886406093017
9	1.10287161036711	1.58155792276964	42.6172839506173	155.481481481482	0.108162894476875	0.750662731537710	38.6421080658983	98.3090655378595
9	1.10420414418016	1.58914780292943	46.3703703703704	171.259259259259	0.109633396012318	0.762695369777713	41.9943817588179	107.767986680384
9	1.10513691784929	1.59420772303595	49.0987654320988	182.555555555556	0.110663803596715	0.770749132093737	44.4277669482348	114.511774668801
9	1.10606969151842	1.59926764314248	52.3827160493827	194.666666666667	0.111695081247829	0.778828497201246	47.3593268589353	121.722381804810
9	1.10693583849690	1.60432756324900	55.6790123456790	207.790123456790	0.112653475274420	0.786933465100239	50.3001261764955	129.518514932190
9	1.10740222533147	1.60685752330226	57.3086419753086	215.135802469136	0.113169844334543	0.790995550096542	51.7505208716327	133.886047362189
9	1.10833499900060	1.61191744340879	61.2345679012346	230.555555555556	0.114203235004830	0.799138922182762	55.2491511649913	143.031863386248
9	1.10926777266973	1.61657789613848	64.5308641975309	244.691358024691	0.115237495741834	0.806662047141761	58.1742891909869	151.363790516489
10	1	1	0	0	0	0	0	0
10	1.03431274568592	0.975366178428762	0.358024691358025	0	0.0349014279441752	-0.0243304089886366	0.346147422867341	0
10	1.06642681058032	0.952197070572570	1	-0.370370370370370	0.0686330711622553	-0.0466603693965081	0.937710858428089	-0.388963988460562
10	1.09854087547472	0.929094540612517	1.72839506172839	-1.01234567901235	0.103396027544377	-0.0683916673020084	1.57335525724657	-1.08960459324725
10	1.13072156705976	0.905992010652463	2.91358024691358	-0.839506172839506	0.139265631107044	-0.0895892383169534	2.57674420634765	-0.926615425929555
10	1.16290225864481	0.882889480692410	4.83950617283951	-0.839506172839506	0.176170831580604	-0.110253082441343	4.16157603690547	-0.950862130763093
10	1.19075221533746	0.862849533954727	7.29629629629630	-0.839506172839506	0.208945419165539	-0.127745340877055	6.12746816870586	-0.972946197226033
10	1.21793590512359	0.843342210386152	11.0370370370370	-1.48148148148148	0.241683934494612	-0.144386958090500	9.06208363724775	-1.75667891780626
10	1.24152175361450	0.826364846870839	15.5061728395062	-1.46913580246914	0.270688132349009	-0.158560569928068	12.4896505392373	-1.77782949992640
10	1.26297554800453	0.810985352862850	21.4444444444444	-1.75308641975309	0.297553617428672	-0.171151378720960	16.9793029471759	-2.16167457718507
10	1.28223066160304	0.797070572569907	28.9259259259259	-2.02469135802469	0.322057734777483	-0.182339251171540	22.5590658468289	-2.54016573651277
10	1.29295755879805	0.789414114513981	33.8518518518519	-2.20987654320988	0.335869624426512	-0.188412677903053	26.1817192849863	-2.79938818242493
10	1.30155240189220	0.783222370173103	38.8765432098765	-2.29629629629630	0.347019327435675	-0.193281359430214	29.8693645782973	-2.93185739292506
10	1.31014724498634	0.777097203728362	44.7160493827160	-3.12345679012346	0.358242901772651	-0.198059967978780	34.1305525419643	-4.01939007776339
10	1.31867546138983	0.770905459387483	50.8395061728395	-2.83950617283951	0.369452486235844	-0.202852386343287	38.5534634270487	-3.68333903757228
10	1.32513825038310	0.766311584553928	56.5802469135802	-3.39506172839506	0.377995691314196	-0.206383277689224	42.6976180766215	-4.43039332410893
10	1.33153441268572	0.761651131824234	63.3333333333334	-3.30864197530864	0.386491946083155	-0.209943776695431	47.5641731298474	-4.34403867737201
10	1.33799720167899	0.757057256990679	70.5555555555556	-3.49382716049383	0.395118255850408	-0.213432154818874	52.7322145868606	-4.61501046087567
10	1.34439336398161	0.752463382157124	78.8518518518519	-4.12345679012346	0.403696758558896	-0.216899429256331	58.6523661633682	-5.47994346024193
10	1.34872409887401	0.749334221038615	85.4197530864198	-4.87654320987654	0.409528347441754	-0.219249112590226	63.3337486575149	-6.50783465236301
10	1.35512026117663	0.744740346205060	95.5432098765432	-4.50617283950617	0.418175461125705	-0.222680908367184	70.5053363998740	-6.05066297598630
10	1.35945099606903	0.741677762982690	103.222222222222	-4.87654320987654	0.424053505356533	-0.224957047948497	75.9293439194929	-6.57501606933085
10	1.36371510427077	0.738548601864181	111.975308641975	-5.14814814814815	0.429859442808120	-0.227272981342232	82.1104850208817	-6.97062879159697
10	1.36584715837164	0.737017310252996	116.370370370370	-5.13580246913580	0.432769230015947	-0.228402742193720	85.2001409214092	-6.96836071241371
10	1.37011126657339	0.733954727030626	126.580246913580	-5.87654320987654	0.438602441395669	-0.230655229334700	92.3868374793778	-8.00668350982816
10	1.37444200146579	0.730892143808256	137.629629629630	-6.24691358024691	0.444545407696640	-0.232898337059686	100.134912555679	-8.54697048417823
10	1.37657405556666	0.729294274300932	143.827160493827	-6.60493827160494	0.447478065229621	-0.234064930735938	104.481963692554	-9.05661610731296
10	1.37870610966753	0.727762982689747	149.950617283951	-6.53086419753086	0.450415268417292	-0.235180520513262	108.761842884783	-8.97388896230112
10	1.38297021786928	0.724700399467377	164.456790123457	-6.79012345679012	0.456303311756700	-0.237404665505912	118.915641131327	-9.36955942314999
10	1.38516889866080	0.723169107856192	172.950617283951	-6.97530864197531	0.459346438908592	-0.238513220721240	124.858865551458	-9.64547374355268
10	1.38723432607102	0.721837549933422	180.333333333333	-7.80246913580247	0.462209537714864	-0.239475275753057	129.994860957687	-10.8091760210066
11	1	1	0	0	0	0	0	0
11	0.968485575321474	1.05113182423435	-0.271604938271605	0.456790123456790	-0.0310178451971169	0.0524390559591206	-0.280442936056585	0.434569777952938
11	0.936971150642948	1.10226364846871	-0.543209876543210	1.38271604938272	-0.0610425314314154	0.107492575367774	-0.579750909268082	1.25443313975165
11	0.905390099273769	1.15332889480692	-0.641975308641975	2.11111111111111	-0.0901343840685174	0.165083769798280	-0.709059342660049	1.83045020428845
11	0.873809047904591	1.20452729693742	-0.814814814814815	3.58024691358025	-0.118228873900036	0.225443004533680	-0.932486126996230	2.97232526210343
11	0.844360050636285	1.25219707057257	-1.18518518518519	5.96296296296296	-0.143528052444745	0.283998751775263	-1.40364905266665	4.76200040959718
11	0.816976480778200	1.29653794940080	-1.45679012345679	8.17283950617284	-0.166274714927634	0.340505327118214	-1.78314817835288	6.30358680202917
11	0.792391231927510	1.33635153129161	-2.01234567901235	12.1111111111111	-0.186058067782201	0.392917707592717	-2.53958599985675	9.06281829856959
11	0.767206342860950	1.37723035952064	-2.92592592592593	16.7901234567901	-0.205697213736963	0.448381731592675	-3.81374053167366	12.1912237417088
11	0.746152308614831	1.41131824234354	-3.46913580246914	22.2962962962963	-0.221628366174379	0.495909590585832	-4.64936684161615	15.7982059802986
11	0.727230328469585	1.44194407456724	-4.28395061728395	30.1111111111111	-0.235568024677010	0.539601357089792	-5.89077552128400	20.8823016386042
11	0.718835365447398	1.45565912117177	-4.83950617283951	34.6049382716049	-0.241637858691053	0.559471738525286	-6.73242637391307	23.7726935985870
11	0.708308348324339	1.47270306258322	-5.46913580246914	40.7530864197531	-0.249149641847024	0.584427155271001	-7.72140525437487	27.6723037081687
11	0.699913385302152	1.48628495339547	-5.92592592592593	46.4444444444445	-0.255060626537441	0.604521481344891	-8.46665608969274	31.2486810408330
11	0.691518422279965	1.49993342210386	-6.48148148148148	52.4938271604938	-0.260901135823714	0.624900135372100	-9.37282547023370	34.9974381441971
11	0.682990205876474	1.51358189081225	-7.20987654320988	60.2098765432099	-0.266762189338406	0.645465070097394	-10.5563395802397	39.7797284102671
11	0.676727296955160	1.52376830892144	-8.12345679012346	67.3580246913580	-0.271020082777881	0.660934929636649	-12.0040329785333	44.2048993255646
11	0.670464388033846	1.53395472703063	-8.67901234567901	75.0740740740741	-0.275238752189200	0.676508552289801	-12.9447775311832	48.9415187757202
11	0.666200279832101	1.54081225033289	-9.12345679012346	80.5802469135803	-0.278088593575815	0.687051195387951	-13.6947657728736	52.2972522422320
11	0.659937370910787	1.55099866844208	-10.0370370370370	90.0370370370370	-0.282241333237679	0.702798434754548	-15.2090751023613	58.0510085978836
11	0.655739889399694	1.55778961384820	-10.4074074074074	97.1975308641975	-0.285002598725039	0.713354240506666	-15.8712434238750	62.3945172057546
11	0.651542407888600	1.56471371504660	-11.0493827160494	105.086419753086	-0.287746245361363	0.724164505027473	-16.9588081792806	67.1601576330252
11	0.647278299686855	1.57150466045273	-11.8641975308642	113.530864197531	-0.290515401377247	0.734813448912325	-18.3293608585425	72.2434155332534
11	0.643147444866413	1.57829560585885	-12.6790123456790	122.888888888889	-0.293180682080902	0.745508509736685	-19.7140056248106	77.8617696410660
11	0.638883336664668	1.58508655126498	-13.8641975308642	133.358024691358	-0.295914041066110	0.756249687500554	-21.7006716801273	84.1329608057879
11	0.636751282563795	1.58854860186418	-14.2345679012346	138.864197530864	-0.297273902076681	0.761743330242322	-22.3549889745349	87.4157689402171
11	0.632620427743354	1.59533954727031	-15.4197530864198	150.888888888889	-0.299895697200908	0.772554135542313	-24.3744153843153	94.5810496248690
11	0.630488373642481	1.59880159786951	-15.8765432098765	157.851851851852	-0.301242205350830	0.778083274675045	-25.1813417560010	98.7313573255107
11	0.628356319541608	1.60213049267643	-16.5185185185185	164.925925925926	-0.302584167846062	0.783411057781812	-26.2884576868248	102.941630959417
11	0.624158838030515	1.60898801597870	-18.0740740740741	180.888888888889	-0.305212872454199	0.794421217781528	-28.9574912230762	112.424012542356
11	0.622160037310947	1.61178428761651	-18.9753086419753	186.950617283951	-0.306458443986621	0.798924294903732	-30.4990798251668	115.989849708990